   2212
    206
   5026
   6232
  10672
  11082
  12286
  12694
  23930
  23928
   1426
    214
  10670
  11070
  23936
  26358
  28764
   1026
    226
  10268
  10262
  13482
  13494
  14302
  15908
  19528
  19120
  23130
  28768
  28374
    232
   1446
    240
   9850
  11860
  11466
  11868
  13884
  14686
  13900
  13902
  15506
  18324
  20322
  20326
  20330
  20334
  27172
   1840
   9048
   8246
   9054
  13876
  23920
  17518
  20720
  26766
  26778
  26780
  26782
  26786
   2634
   7840
  15076
  15478
  24726
  17118
  15492
  17512
  18706
  19914
  19114
  27566
  27590
  25972
  25968
  25966
   3840
  13872
  13472
  25126
  25132
  25538
  17096
  17904
  17506
  27564
  23562
  24356
  25156
  24342
  23144
   5448
  26332
  27136
  27144
  26746
  17494
  18696
  19506
  20708
  21110
  21914
  22756
  20744
  21146
  25156
  25950
  24342
  22746
   2648
   2256
  27542
  19142
  21948
  22340
  22332
  21530
  21940
   1054
  29148
  30356
  30360
  19538
   1054
    252
  31558
  31976
  17532
  18340
  17548
  14726
  15128
  15534
    258
    666
  32764
  34372
  34778
  33580
  34790
  30366
  29964
  29968
  30374
  30780
  17928
  13536
  11540
  15930
  16738
   1070
    264
  32774
  35186
  35986
  37996
  39598
  40010
  39610
  31988
  31990
  30788
  31998
  31602
  12332
  13542
  12336
  16738
    270
   1080
  38394
  32798
  28788
  29598
  30000
  10720
  11530
  12344
  13144
  17538
   1476
   1080
  33194
  28784
  29986
  30392
  29994
  31204
  10328
   7922
  10744
  10754
  11562
  17134
  14724
  13518
  12300
   2690
  33188
  33590
  35606
  35608
  27982
  29584
  29582
  29592
   9922
  10726
   7918
   9936
   9544
  11558
  11962
  13580
  14382
  14378
  15112
  13116
   9884
  12724
   3096
  33184
   9120
   8712
  10314
   9534
  13168
  14312
  13116
   7476
   7080
   5886
   7500
   8298
   9496
   9908
  10714
   2292
    288
  35598
  38820
  13168
  14774
  15574
  13512
  15118
  15518
  11106
   6706
   6690
   9086
   8290
   8292
   1890
    686
   1092
    294
  36402
  36806
  39216
  14372
  16788
  17190
  10296
   6306
   6710
   6712
   1108
  38812
  15586
  15188
  17174
  18386
   2680
   3086
   4702
   3900
   2712
  37606
  36394
  35996
  40026
  39630
  15582
  15192
  16392
  17618
  17584
   2270
   2708
   5124
   5128
  36014
  34812
  32806
  34832
  35232
  36440
  18416
   3476
   5086
   5892
   5898
   5924
   6732
   7134
   7140
   7940
   7144
   7950
   9164
   6342
   6350
   6356
   7160
  34000
  31208
  33226
  35222
  35624
  36438
  19594
  18400
  18000
  19212
   5488
   4288
   9164
  11166
  11572
   8366
   5550
  30408
  30816
  32416
  18378
  19202
   5488
   3884
   8762
  10360
  10368
  10370
   9570
  33230
  36050
  34042
  33616
  33620
  18372
   4278
   3884
   9556
  10776
  37650
  38050
  36448
  34042
  17570
   3468
   9152
  11586
  36032
  39648
  38436
  37646
  38046
  35644
  33644
  13954
  15156
  14758
   3468
   3860
   4270
   6680
  11186
  36826
  40056
  38858
  38860
  40066
  40068
  38832
  39238
  34840
  14360
  13962
  16358
   3054
   3850
   4254
   4256
   5058
   9066
   9478
  10382
   9176
   6762
   5556
   2748
   3156
   2756
  38060
  38866
  38830
  39238
  34436
  35238
  13160
  17160
   6248
   6658
   7056
   7462
   8672
   8272
   8274
   7972
   4342
   2342
  40076
  40092
  40114
  39716
  38866
  37224
  12756
  18366
   6644
   6646
   7050
   7454
   6666
   4338
   1938
   3550
   3952
  34854
  36502
  37702
  40126
  39728
  38522
  18366
  17954
  19164
  23574
  25182
  25988
  29208
   6238
   5136
   5144
   3544
  35256
  37718
  38116
  16754
  15550
  15552
  15152
  23172
  22774
  23178
  23582
  24372
  24376
  29204
  30010
  30018
   5436
   5040
    314
   2738
  38526
  38132
  40142
  40148
  38134
  21958
  21976
  21166
  28402
   4638
    722
   1928
  39738
  36524
  36528
  21156
  21160
  18752
  19964
  19558
  21574
  27596
   3826
   5034
    326
    334
   1142
    346
   1554
   2362
   3532
   2730
  37326
  20752
  21170
  27596
   2224
   2226
   5030
   1932
   1544
   3126
  35318
  34924
  32914
   2624
   3832
   3164
   3124
  34514
   2216
   3168
   1518
  34514
   3578
   3982
   4388
   1116
  35712
  34508
   1160
    358
   3186
   4392
   6402
   7210
   8412
   8414
  36108
  36516
  36918
    370
   2784
   2786
   6816
   5186
   4780
   6808
  34500
  34894
  34896
    380
   2380
   2388
   4404
   6818
   5222
   6012
   6418
   4370
   4766
   6370
   4778
   5602
  35302
  30884
  30886
  30888
    782
   3182
   4822
   5172
  12388
   4798
  27686
  26894
  31318
  31690
  32104
  30892
  30090
  31300
  30906
  31712
   1188
   1196
   1598
   1600
   2808
   3610
   3182
    394
  12784
  13592
   6726
   3996
  29712
  30920
  30526
  30528
  29728
  27724
  27314
  32088
  32098
  32902
  32906
  32116
  29292
  29294
  30098
  31710
   2376
   5920
  29708
  30512
  28106
  28514
  28936
  28938
  30148
  31350
  32136
  28122
  26510
  26512
  32086
  32488
  32492
  32890
  33694
  33312
  33724
  28492
   1570
   5114
   4314
  29704
  26900
  29720
  28932
  29738
  30538
  32526
  32128
  31326
  31330
  31732
  26922
  27728
  31280
  33724
  34932
  28090
  28098
   2702
  25694
  25286
  25288
  30120
  30534
  38146
  38544
  40154
  40164
  38564
  37354
  36956
  27334
  27332
  25700
  31276
  35738
   5512
   6316
   7122
  26880
  25678
  25680
  30118
  36942
  37748
  38966
  39372
  39378
  38556
  39360
  38962
  26530
  24894
  22882
  36538
  28484
  39790
  36150
  34972
  36178
  35768
  35368
  25720
  26526
  22472
  22470
  23676
  22882
  29276
  40196
